1 6.000 -7.000 711.800
2 6.000 -7.000 675.800
3 6.000 -7.000 639.800
4 6.000 -7.000 603.800
5 6.000 -7.000 567.800
6 6.000 -7.000 531.800
7 6.000 -7.000 495.800
8 6.000 -7.000 459.800
9 6.000 -7.000 423.800
10 6.000 -7.000 387.800
11 6.000 -7.000 351.800
12 6.000 -7.000 315.800
13 6.000 -7.000 279.800
14 6.000 -7.000 243.800
15 6.000 -7.000 207.800
16 6.000 -7.000 171.800
17 6.000 -7.000 135.800
18 6.000 -7.000 99.800
19 99.000 -2.000 711.800
20 99.000 -2.000 675.800
21 99.000 -2.000 639.800
22 99.000 -2.000 603.800
23 99.000 -2.000 567.800
24 99.000 -2.000 531.800
25 99.000 -2.000 495.800
26 99.000 -2.000 459.800
27 99.000 -2.000 423.800
28 99.000 -2.000 387.800
29 99.000 -2.000 351.800
30 99.000 -2.000 315.800
31 99.000 -2.000 279.800
32 99.000 -2.000 243.800
33 99.000 -2.000 207.800
34 99.000 -2.000 171.800
35 99.000 -2.000 135.800
36 99.000 -2.000 99.800
37 50.000 80.000 711.800
38 50.000 80.000 675.800
39 50.000 80.000 639.800
40 50.000 80.000 603.800
41 50.000 80.000 567.800
42 50.000 80.000 531.800
43 50.000 80.000 495.800
44 50.000 80.000 459.800
45 50.000 80.000 423.800
46 50.000 80.000 387.800
47 50.000 80.000 351.800
48 50.000 80.000 315.800
49 50.000 80.000 279.800
50 50.000 80.000 243.800
51 50.000 80.000 207.800
52 50.000 80.000 171.800
53 50.000 80.000 135.800
54 50.000 80.000 99.800
55 -48.000 80.000 711.800
56 -48.000 80.000 675.800
57 -48.000 80.000 639.800
58 -48.000 80.000 603.800
59 -48.000 80.000 567.800
60 -48.000 80.000 531.800
61 -48.000 80.000 495.800
62 -48.000 80.000 459.800
63 -48.000 80.000 423.800
64 -48.000 80.000 387.800
65 -48.000 80.000 351.800
66 -48.000 80.000 315.800
67 -48.000 80.000 279.800
68 -48.000 80.000 243.800
69 -48.000 80.000 207.800
70 -48.000 80.000 171.800
71 -48.000 80.000 135.800
72 -48.000 80.000 99.800
73 -92.000 2.000 711.800
74 -92.000 2.000 675.800
75 -92.000 2.000 639.800
76 -92.000 2.000 603.800
77 -92.000 2.000 567.800
78 -92.000 2.000 531.800
79 -92.000 2.000 495.800
80 -92.000 2.000 459.800
81 -92.000 2.000 423.800
82 -92.000 2.000 387.800
83 -92.000 2.000 351.800
84 -92.000 2.000 315.800
85 -92.000 2.000 279.800
86 -92.000 2.000 243.800
87 -92.000 2.000 207.800
88 -92.000 2.000 171.800
89 -92.000 2.000 135.800
90 -92.000 2.000 99.800
91 -47.000 -73.000 711.800
92 -47.000 -73.000 675.800
93 -47.000 -73.000 639.800
94 -47.000 -73.000 603.800
95 -47.000 -73.000 567.800
96 -47.000 -73.000 531.800
97 -47.000 -73.000 495.800
98 -47.000 -73.000 459.800
99 -47.000 -73.000 423.800
100 -47.000 -73.000 387.800
101 -47.000 -73.000 351.800
102 -47.000 -73.000 315.800
103 -47.000 -73.000 279.800
104 -47.000 -73.000 243.800
105 -47.000 -73.000 207.800
106 -47.000 -73.000 171.800
107 -47.000 -73.000 135.800
108 -47.000 -73.000 99.800
109 43.000 -87.000 711.800
110 43.000 -87.000 675.800
111 43.000 -87.000 639.800
112 43.000 -87.000 603.800
113 43.000 -87.000 567.800
114 43.000 -87.000 531.800
115 43.000 -87.000 495.800
116 43.000 -87.000 459.800
117 43.000 -87.000 423.800
118 43.000 -87.000 387.800
119 43.000 -87.000 351.800
120 43.000 -87.000 315.800
121 43.000 -87.000 279.800
122 43.000 -87.000 243.800
123 43.000 -87.000 207.800
124 43.000 -87.000 171.800
125 43.000 -87.000 135.800
126 43.000 -87.000 99.800
127 183.000 8.000 711.800
128 183.000 8.000 675.800
129 183.000 8.000 639.800
130 183.000 8.000 603.800
131 183.000 8.000 567.800
132 183.000 8.000 531.800
133 183.000 8.000 495.800
134 183.000 8.000 459.800
135 183.000 8.000 423.800
136 183.000 8.000 387.800
137 183.000 8.000 351.800
138 183.000 8.000 315.800
139 183.000 8.000 279.800
140 183.000 8.000 243.800
141 183.000 8.000 207.800
142 183.000 8.000 171.800
143 183.000 8.000 135.800
144 183.000 8.000 99.800
145 139.000 77.000 711.800
146 139.000 77.000 675.800
147 139.000 77.000 639.800
148 139.000 77.000 603.800
149 139.000 77.000 567.800
150 139.000 77.000 531.800
151 139.000 77.000 495.800
152 139.000 77.000 459.800
153 139.000 77.000 423.800
154 139.000 77.000 387.800
155 139.000 77.000 351.800
156 139.000 77.000 315.800
157 139.000 77.000 279.800
158 139.000 77.000 243.800
159 139.000 77.000 207.800
160 139.000 77.000 171.800
161 139.000 77.000 135.800
162 139.000 77.000 99.800
163 126.000 -74.000 711.800
164 126.000 -74.000 675.800
165 126.000 -74.000 639.800
166 126.000 -74.000 603.800
167 126.000 -74.000 567.800
168 126.000 -74.000 531.800
169 126.000 -74.000 495.800
170 126.000 -74.000 459.800
171 126.000 -74.000 423.800
172 126.000 -74.000 387.800
173 126.000 -74.000 351.800
174 126.000 -74.000 315.800
175 126.000 -74.000 279.800
176 126.000 -74.000 243.800
177 126.000 -74.000 207.800
178 126.000 -74.000 171.800
179 126.000 -74.000 135.800
180 126.000 -74.000 99.800
181 93.000 158.000 711.800
182 93.000 158.000 675.800
183 93.000 158.000 639.800
184 93.000 158.000 603.800
185 93.000 158.000 567.800
186 93.000 158.000 531.800
187 93.000 158.000 495.800
188 93.000 158.000 459.800
189 93.000 158.000 423.800
190 93.000 158.000 387.800
191 93.000 158.000 351.800
192 93.000 158.000 315.800
193 93.000 158.000 279.800
194 93.000 158.000 243.800
195 93.000 158.000 207.800
196 93.000 158.000 171.800
197 93.000 158.000 135.800
198 93.000 158.000 99.800
199 -1.000 165.000 711.800
200 -1.000 165.000 675.800
201 -1.000 165.000 639.800
202 -1.000 165.000 603.800
203 -1.000 165.000 567.800
204 -1.000 165.000 531.800
205 -1.000 165.000 495.800
206 -1.000 165.000 459.800
207 -1.000 165.000 423.800
208 -1.000 165.000 387.800
209 -1.000 165.000 351.800
210 -1.000 165.000 315.800
211 -1.000 165.000 279.800
212 -1.000 165.000 243.800
213 -1.000 165.000 207.800
214 -1.000 165.000 171.800
215 -1.000 165.000 135.800
216 -1.000 165.000 99.800
217 -90.000 161.000 711.800
218 -90.000 161.000 675.800
219 -90.000 161.000 639.800
220 -90.000 161.000 603.800
221 -90.000 161.000 567.800
222 -90.000 161.000 531.800
223 -90.000 161.000 495.800
224 -90.000 161.000 459.800
225 -90.000 161.000 423.800
226 -90.000 161.000 387.800
227 -90.000 161.000 351.800
228 -90.000 161.000 315.800
229 -90.000 161.000 279.800
230 -90.000 161.000 243.800
231 -90.000 161.000 207.800
232 -90.000 161.000 171.800
233 -90.000 161.000 135.800
234 -90.000 161.000 99.800
235 -134.000 74.000 711.800
236 -134.000 74.000 675.800
237 -134.000 74.000 639.800
238 -134.000 74.000 603.800
239 -134.000 74.000 567.800
240 -134.000 74.000 531.800
241 -134.000 74.000 495.800
242 -134.000 74.000 459.800
243 -134.000 74.000 423.800
244 -134.000 74.000 387.800
245 -134.000 74.000 351.800
246 -134.000 74.000 315.800
247 -134.000 74.000 279.800
248 -134.000 74.000 243.800
249 -134.000 74.000 207.800
250 -134.000 74.000 171.800
251 -134.000 74.000 135.800
252 -134.000 74.000 99.800
253 -180.000 0.000 711.800
254 -180.000 0.000 675.800
255 -180.000 0.000 639.800
256 -180.000 0.000 603.800
257 -180.000 0.000 567.800
258 -180.000 0.000 531.800
259 -180.000 0.000 495.800
260 -180.000 0.000 459.800
261 -180.000 0.000 423.800
262 -180.000 0.000 387.800
263 -180.000 0.000 351.800
264 -180.000 0.000 315.800
265 -180.000 0.000 279.800
266 -180.000 0.000 243.800
267 -180.000 0.000 207.800
268 -180.000 0.000 171.800
269 -180.000 0.000 135.800
270 -180.000 0.000 99.800
271 -142.000 -72.000 711.800
272 -142.000 -72.000 675.800
273 -142.000 -72.000 639.800
274 -142.000 -72.000 603.800
275 -142.000 -72.000 567.800
276 -142.000 -72.000 531.800
277 -142.000 -72.000 495.800
278 -142.000 -72.000 459.800
279 -142.000 -72.000 423.800
280 -142.000 -72.000 387.800
281 -142.000 -72.000 351.800
282 -142.000 -72.000 315.800
283 -142.000 -72.000 279.800
284 -142.000 -72.000 243.800
285 -142.000 -72.000 207.800
286 -142.000 -72.000 171.800
287 -142.000 -72.000 135.800
288 -142.000 -72.000 99.800
289 -86.000 -151.000 711.800
290 -86.000 -151.000 675.800
291 -86.000 -151.000 639.800
292 -86.000 -151.000 603.800
293 -86.000 -151.000 567.800
294 -86.000 -151.000 531.800
295 -86.000 -151.000 495.800
296 -86.000 -151.000 459.800
297 -86.000 -151.000 423.800
298 -86.000 -151.000 387.800
299 -86.000 -151.000 351.800
300 -86.000 -151.000 315.800
301 -86.000 -151.000 279.800
302 -86.000 -151.000 243.800
303 -86.000 -151.000 207.800
304 -86.000 -151.000 171.800
305 -86.000 -151.000 135.800
306 -86.000 -151.000 99.800
307 0.000 -157.000 711.800
308 0.000 -157.000 675.800
309 0.000 -157.000 639.800
310 0.000 -157.000 603.800
311 0.000 -157.000 567.800
312 0.000 -157.000 531.800
313 0.000 -157.000 495.800
314 0.000 -157.000 459.800
315 0.000 -157.000 423.800
316 0.000 -157.000 387.800
317 0.000 -157.000 351.800
318 0.000 -157.000 315.800
319 0.000 -157.000 279.800
320 0.000 -157.000 243.800
321 0.000 -157.000 207.800
322 0.000 -157.000 171.800
323 0.000 -157.000 135.800
324 0.000 -157.000 99.800
325 86.000 -164.000 711.800
326 86.000 -164.000 675.800
327 86.000 -164.000 639.800
328 86.000 -164.000 603.800
329 86.000 -164.000 567.800
330 86.000 -164.000 531.800
331 86.000 -164.000 495.800
332 86.000 -164.000 459.800
333 86.000 -164.000 423.800
334 86.000 -164.000 387.800
335 86.000 -164.000 351.800
336 86.000 -164.000 315.800
337 86.000 -164.000 279.800
338 86.000 -164.000 243.800
339 86.000 -164.000 207.800
340 86.000 -164.000 171.800
341 86.000 -164.000 135.800
342 86.000 -164.000 99.800
343 261.000 4.000 711.800
344 261.000 4.000 675.800
345 261.000 4.000 639.800
346 261.000 4.000 603.800
347 261.000 4.000 567.800
348 261.000 4.000 531.800
349 261.000 4.000 495.800
350 261.000 4.000 459.800
351 261.000 4.000 423.800
352 261.000 4.000 387.800
353 261.000 4.000 351.800
354 261.000 4.000 315.800
355 261.000 4.000 279.800
356 261.000 4.000 243.800
357 261.000 4.000 207.800
358 261.000 4.000 171.800
359 261.000 4.000 135.800
360 261.000 4.000 99.800
361 229.000 73.000 711.800
362 229.000 73.000 675.800
363 229.000 73.000 639.800
364 229.000 73.000 603.800
365 229.000 73.000 567.800
366 229.000 73.000 531.800
367 229.000 73.000 495.800
368 229.000 73.000 459.800
369 229.000 73.000 423.800
370 229.000 73.000 387.800
371 229.000 73.000 351.800
372 229.000 73.000 315.800
373 229.000 73.000 279.800
374 229.000 73.000 243.800
375 229.000 73.000 207.800
376 229.000 73.000 171.800
377 229.000 73.000 135.800
378 229.000 73.000 99.800
379 219.000 -83.000 711.800
380 219.000 -83.000 675.800
381 219.000 -83.000 639.800
382 219.000 -83.000 603.800
383 219.000 -83.000 567.800
384 219.000 -83.000 531.800
385 219.000 -83.000 495.800
386 219.000 -83.000 459.800
387 219.000 -83.000 423.800
388 219.000 -83.000 387.800
389 219.000 -83.000 351.800
390 219.000 -83.000 315.800
391 219.000 -83.000 279.800
392 219.000 -83.000 243.800
393 219.000 -83.000 207.800
394 219.000 -83.000 171.800
395 219.000 -83.000 135.800
396 219.000 -83.000 99.800
397 185.000 148.000 711.800
398 185.000 148.000 675.800
399 185.000 148.000 639.800
400 185.000 148.000 603.800
401 185.000 148.000 567.800
402 185.000 148.000 531.800
403 185.000 148.000 495.800
404 185.000 148.000 459.800
405 185.000 148.000 423.800
406 185.000 148.000 387.800
407 185.000 148.000 351.800
408 185.000 148.000 315.800
409 185.000 148.000 279.800
410 185.000 148.000 243.800
411 185.000 148.000 207.800
412 185.000 148.000 171.800
413 185.000 148.000 135.800
414 185.000 148.000 99.800
415 177.000 -164.000 711.800
416 177.000 -164.000 675.800
417 177.000 -164.000 639.800
418 177.000 -164.000 603.800
419 177.000 -164.000 567.800
420 177.000 -164.000 531.800
421 177.000 -164.000 495.800
422 177.000 -164.000 459.800
423 177.000 -164.000 423.800
424 177.000 -164.000 387.800
425 177.000 -164.000 351.800
426 177.000 -164.000 315.800
427 177.000 -164.000 279.800
428 177.000 -164.000 243.800
429 177.000 -164.000 207.800
430 177.000 -164.000 171.800
431 177.000 -164.000 135.800
432 177.000 -164.000 99.800
433 138.000 236.000 711.800
434 138.000 236.000 675.800
435 138.000 236.000 639.800
436 138.000 236.000 603.800
437 138.000 236.000 567.800
438 138.000 236.000 531.800
439 138.000 236.000 495.800
440 138.000 236.000 459.800
441 138.000 236.000 423.800
442 138.000 236.000 387.800
443 138.000 236.000 351.800
444 138.000 236.000 315.800
445 138.000 236.000 279.800
446 138.000 236.000 243.800
447 138.000 236.000 207.800
448 138.000 236.000 171.800
449 138.000 236.000 135.800
450 138.000 236.000 99.800
451 52.000 230.000 711.800
452 52.000 230.000 675.800
453 52.000 230.000 639.800
454 52.000 230.000 603.800
455 52.000 230.000 567.800
456 52.000 230.000 531.800
457 52.000 230.000 495.800
458 52.000 230.000 459.800
459 52.000 230.000 423.800
460 52.000 230.000 387.800
461 52.000 230.000 351.800
462 52.000 230.000 315.800
463 52.000 230.000 279.800
464 52.000 230.000 243.800
465 52.000 230.000 207.800
466 52.000 230.000 171.800
467 52.000 230.000 135.800
468 52.000 230.000 99.800
469 -51.000 228.000 711.800
470 -51.000 228.000 675.800
471 -51.000 228.000 639.800
472 -51.000 228.000 603.800
473 -51.000 228.000 567.800
474 -51.000 228.000 531.800
475 -51.000 228.000 495.800
476 -51.000 228.000 459.800
477 -51.000 228.000 423.800
478 -51.000 228.000 387.800
479 -51.000 228.000 351.800
480 -51.000 228.000 315.800
481 -51.000 228.000 279.800
482 -51.000 228.000 243.800
483 -51.000 228.000 207.800
484 -51.000 228.000 171.800
485 -51.000 228.000 135.800
486 -51.000 228.000 99.800
487 -132.000 230.000 711.800
488 -132.000 230.000 675.800
489 -132.000 230.000 639.800
490 -132.000 230.000 603.800
491 -132.000 230.000 567.800
492 -132.000 230.000 531.800
493 -132.000 230.000 495.800
494 -132.000 230.000 459.800
495 -132.000 230.000 423.800
496 -132.000 230.000 387.800
497 -132.000 230.000 351.800
498 -132.000 230.000 315.800
499 -132.000 230.000 279.800
500 -132.000 230.000 243.800
501 -132.000 230.000 207.800
502 -132.000 230.000 171.800
503 -132.000 230.000 135.800
504 -132.000 230.000 99.800
505 -186.000 154.000 711.800
506 -186.000 154.000 675.800
507 -186.000 154.000 639.800
508 -186.000 154.000 603.800
509 -186.000 154.000 567.800
510 -186.000 154.000 531.800
511 -186.000 154.000 495.800
512 -186.000 154.000 459.800
513 -186.000 154.000 423.800
514 -186.000 154.000 387.800
515 -186.000 154.000 351.800
516 -186.000 154.000 315.800
517 -186.000 154.000 279.800
518 -186.000 154.000 243.800
519 -186.000 154.000 207.800
520 -186.000 154.000 171.800
521 -186.000 154.000 135.800
522 -186.000 154.000 99.800
523 -233.000 75.000 711.800
524 -233.000 75.000 675.800
525 -233.000 75.000 639.800
526 -233.000 75.000 603.800
527 -233.000 75.000 567.800
528 -233.000 75.000 531.800
529 -233.000 75.000 495.800
530 -233.000 75.000 459.800
531 -233.000 75.000 423.800
532 -233.000 75.000 387.800
533 -233.000 75.000 351.800
534 -233.000 75.000 315.800
535 -233.000 75.000 279.800
536 -233.000 75.000 243.800
537 -233.000 75.000 207.800
538 -233.000 75.000 171.800
539 -233.000 75.000 135.800
540 -233.000 75.000 99.800
541 -277.000 -1.000 711.800
542 -277.000 -1.000 675.800
543 -277.000 -1.000 639.800
544 -277.000 -1.000 603.800
545 -277.000 -1.000 567.800
546 -277.000 -1.000 531.800
547 -277.000 -1.000 495.800
548 -277.000 -1.000 459.800
549 -277.000 -1.000 423.800
550 -277.000 -1.000 387.800
551 -277.000 -1.000 351.800
552 -277.000 -1.000 315.800
553 -277.000 -1.000 279.800
554 -277.000 -1.000 243.800
555 -277.000 -1.000 207.800
556 -277.000 -1.000 171.800
557 -277.000 -1.000 135.800
558 -277.000 -1.000 99.800
559 -216.000 -73.000 711.800
560 -216.000 -73.000 675.800
561 -216.000 -73.000 639.800
562 -216.000 -73.000 603.800
563 -216.000 -73.000 567.800
564 -216.000 -73.000 531.800
565 -216.000 -73.000 495.800
566 -216.000 -73.000 459.800
567 -216.000 -73.000 423.800
568 -216.000 -73.000 387.800
569 -216.000 -73.000 351.800
570 -216.000 -73.000 315.800
571 -216.000 -73.000 279.800
572 -216.000 -73.000 243.800
573 -216.000 -73.000 207.800
574 -216.000 -73.000 171.800
575 -216.000 -73.000 135.800
576 -216.000 -73.000 99.800
577 -181.000 -162.000 711.800
578 -181.000 -162.000 675.800
579 -181.000 -162.000 639.800
580 -181.000 -162.000 603.800
581 -181.000 -162.000 567.800
582 -181.000 -162.000 531.800
583 -181.000 -162.000 495.800
584 -181.000 -162.000 459.800
585 -181.000 -162.000 423.800
586 -181.000 -162.000 387.800
587 -181.000 -162.000 351.800
588 -181.000 -162.000 315.800
589 -181.000 -162.000 279.800
590 -181.000 -162.000 243.800
591 -181.000 -162.000 207.800
592 -181.000 -162.000 171.800
593 -181.000 -162.000 135.800
594 -181.000 -162.000 99.800
595 -134.000 -240.000 711.800
596 -134.000 -240.000 675.800
597 -134.000 -240.000 639.800
598 -134.000 -240.000 603.800
599 -134.000 -240.000 567.800
600 -134.000 -240.000 531.800
601 -134.000 -240.000 495.800
602 -134.000 -240.000 459.800
603 -134.000 -240.000 423.800
604 -134.000 -240.000 387.800
605 -134.000 -240.000 351.800
606 -134.000 -240.000 315.800
607 -134.000 -240.000 279.800
608 -134.000 -240.000 243.800
609 -134.000 -240.000 207.800
610 -134.000 -240.000 171.800
611 -134.000 -240.000 135.800
612 -134.000 -240.000 99.800
613 -39.000 -228.000 711.800
614 -39.000 -228.000 675.800
615 -39.000 -228.000 639.800
616 -39.000 -228.000 603.800
617 -39.000 -228.000 567.800
618 -39.000 -228.000 531.800
619 -39.000 -228.000 495.800
620 -39.000 -228.000 459.800
621 -39.000 -228.000 423.800
622 -39.000 -228.000 387.800
623 -39.000 -228.000 351.800
624 -39.000 -228.000 315.800
625 -39.000 -228.000 279.800
626 -39.000 -228.000 243.800
627 -39.000 -228.000 207.800
628 -39.000 -228.000 171.800
629 -39.000 -228.000 135.800
630 -39.000 -228.000 99.800
631 47.000 -227.000 711.800
632 47.000 -227.000 675.800
633 47.000 -227.000 639.800
634 47.000 -227.000 603.800
635 47.000 -227.000 567.800
636 47.000 -227.000 531.800
637 47.000 -227.000 495.800
638 47.000 -227.000 459.800
639 47.000 -227.000 423.800
640 47.000 -227.000 387.800
641 47.000 -227.000 351.800
642 47.000 -227.000 315.800
643 47.000 -227.000 279.800
644 47.000 -227.000 243.800
645 47.000 -227.000 207.800
646 47.000 -227.000 171.800
647 47.000 -227.000 135.800
648 47.000 -227.000 99.800
649 139.000 -234.000 711.800
650 139.000 -234.000 675.800
651 139.000 -234.000 639.800
652 139.000 -234.000 603.800
653 139.000 -234.000 567.800
654 139.000 -234.000 531.800
655 139.000 -234.000 495.800
656 139.000 -234.000 459.800
657 139.000 -234.000 423.800
658 139.000 -234.000 387.800
659 139.000 -234.000 351.800
660 139.000 -234.000 315.800
661 139.000 -234.000 279.800
662 139.000 -234.000 243.800
663 139.000 -234.000 207.800
664 139.000 -234.000 171.800
665 139.000 -234.000 135.800
666 139.000 -234.000 99.800
667 366.000 -5.000 711.800
668 366.000 -5.000 675.800
669 366.000 -5.000 639.800
670 366.000 -5.000 603.800
671 366.000 -5.000 567.800
672 366.000 -5.000 531.800
673 366.000 -5.000 495.800
674 366.000 -5.000 459.800
675 366.000 -5.000 423.800
676 366.000 -5.000 387.800
677 366.000 -5.000 351.800
678 366.000 -5.000 315.800
679 366.000 -5.000 279.800
680 366.000 -5.000 243.800
681 366.000 -5.000 207.800
682 366.000 -5.000 171.800
683 366.000 -5.000 135.800
684 366.000 -5.000 99.800
685 320.000 73.000 711.800
686 320.000 73.000 675.800
687 320.000 73.000 639.800
688 320.000 73.000 603.800
689 320.000 73.000 567.800
690 320.000 73.000 531.800
691 320.000 73.000 495.800
692 320.000 73.000 459.800
693 320.000 73.000 423.800
694 320.000 73.000 387.800
695 320.000 73.000 351.800
696 320.000 73.000 315.800
697 320.000 73.000 279.800
698 320.000 73.000 243.800
699 320.000 73.000 207.800
700 320.000 73.000 171.800
701 320.000 73.000 135.800
702 320.000 73.000 99.800
703 307.000 -76.000 711.800
704 307.000 -76.000 675.800
705 307.000 -76.000 639.800
706 307.000 -76.000 603.800
707 307.000 -76.000 567.800
708 307.000 -76.000 531.800
709 307.000 -76.000 495.800
710 307.000 -76.000 459.800
711 307.000 -76.000 423.800
712 307.000 -76.000 387.800
713 307.000 -76.000 351.800
714 307.000 -76.000 315.800
715 307.000 -76.000 279.800
716 307.000 -76.000 243.800
717 307.000 -76.000 207.800
718 307.000 -76.000 171.800
719 307.000 -76.000 135.800
720 307.000 -76.000 99.800
721 278.000 159.000 711.800
722 278.000 159.000 675.800
723 278.000 159.000 639.800
724 278.000 159.000 603.800
725 278.000 159.000 567.800
726 278.000 159.000 531.800
727 278.000 159.000 495.800
728 278.000 159.000 459.800
729 278.000 159.000 423.800
730 278.000 159.000 387.800
731 278.000 159.000 351.800
732 278.000 159.000 315.800
733 278.000 159.000 279.800
734 278.000 159.000 243.800
735 278.000 159.000 207.800
736 278.000 159.000 171.800
737 278.000 159.000 135.800
738 278.000 159.000 99.800
739 272.000 -165.000 711.800
740 272.000 -165.000 675.800
741 272.000 -165.000 639.800
742 272.000 -165.000 603.800
743 272.000 -165.000 567.800
744 272.000 -165.000 531.800
745 272.000 -165.000 495.800
746 272.000 -165.000 459.800
747 272.000 -165.000 423.800
748 272.000 -165.000 387.800
749 272.000 -165.000 351.800
750 272.000 -165.000 315.800
751 272.000 -165.000 279.800
752 272.000 -165.000 243.800
753 272.000 -165.000 207.800
754 272.000 -165.000 171.800
755 272.000 -165.000 135.800
756 272.000 -165.000 99.800
757 225.000 228.000 711.800
758 225.000 228.000 675.800
759 225.000 228.000 639.800
760 225.000 228.000 603.800
761 225.000 228.000 567.800
762 225.000 228.000 531.800
763 225.000 228.000 495.800
764 225.000 228.000 459.800
765 225.000 228.000 423.800
766 225.000 228.000 387.800
767 225.000 228.000 351.800
768 225.000 228.000 315.800
769 225.000 228.000 279.800
770 225.000 228.000 243.800
771 225.000 228.000 207.800
772 225.000 228.000 171.800
773 225.000 228.000 135.800
774 225.000 228.000 99.800
775 229.000 -234.000 711.800
776 229.000 -234.000 675.800
777 229.000 -234.000 639.800
778 229.000 -234.000 603.800
779 229.000 -234.000 567.800
780 229.000 -234.000 531.800
781 229.000 -234.000 495.800
782 229.000 -234.000 459.800
783 229.000 -234.000 423.800
784 229.000 -234.000 387.800
785 229.000 -234.000 351.800
786 229.000 -234.000 315.800
787 229.000 -234.000 279.800
788 229.000 -234.000 243.800
789 229.000 -234.000 207.800
790 229.000 -234.000 171.800
791 229.000 -234.000 135.800
792 229.000 -234.000 99.800
793 184.000 312.000 711.800
794 184.000 312.000 675.800
795 184.000 312.000 639.800
796 184.000 312.000 603.800
797 184.000 312.000 567.800
798 184.000 312.000 531.800
799 184.000 312.000 495.800
800 184.000 312.000 459.800
801 184.000 312.000 423.800
802 184.000 312.000 387.800
803 184.000 312.000 351.800
804 184.000 312.000 315.800
805 184.000 312.000 279.800
806 184.000 312.000 243.800
807 184.000 312.000 207.800
808 184.000 312.000 171.800
809 184.000 312.000 135.800
810 184.000 312.000 99.800
811 97.000 312.000 711.800
812 97.000 312.000 675.800
813 97.000 312.000 639.800
814 97.000 312.000 603.800
815 97.000 312.000 567.800
816 97.000 312.000 531.800
817 97.000 312.000 495.800
818 97.000 312.000 459.800
819 97.000 312.000 423.800
820 97.000 312.000 387.800
821 97.000 312.000 351.800
822 97.000 312.000 315.800
823 97.000 312.000 279.800
824 97.000 312.000 243.800
825 97.000 312.000 207.800
826 97.000 312.000 171.800
827 97.000 312.000 135.800
828 97.000 312.000 99.800
829 -4.000 308.000 711.800
830 -4.000 308.000 675.800
831 -4.000 308.000 639.800
832 -4.000 308.000 603.800
833 -4.000 308.000 567.800
834 -4.000 308.000 531.800
835 -4.000 308.000 495.800
836 -4.000 308.000 459.800
837 -4.000 308.000 423.800
838 -4.000 308.000 387.800
839 -4.000 308.000 351.800
840 -4.000 308.000 315.800
841 -4.000 308.000 279.800
842 -4.000 308.000 243.800
843 -4.000 308.000 207.800
844 -4.000 308.000 171.800
845 -4.000 308.000 135.800
846 -4.000 308.000 99.800
847 -85.000 315.000 711.800
848 -85.000 315.000 675.800
849 -85.000 315.000 639.800
850 -85.000 315.000 603.800
851 -85.000 315.000 567.800
852 -85.000 315.000 531.800
853 -85.000 315.000 495.800
854 -85.000 315.000 459.800
855 -85.000 315.000 423.800
856 -85.000 315.000 387.800
857 -85.000 315.000 351.800
858 -85.000 315.000 315.800
859 -85.000 315.000 279.800
860 -85.000 315.000 243.800
861 -85.000 315.000 207.800
862 -85.000 315.000 171.800
863 -85.000 315.000 135.800
864 -85.000 315.000 99.800
865 -179.000 310.000 711.800
866 -179.000 310.000 675.800
867 -179.000 310.000 639.800
868 -179.000 310.000 603.800
869 -179.000 310.000 567.800
870 -179.000 310.000 531.800
871 -179.000 310.000 495.800
872 -179.000 310.000 459.800
873 -179.000 310.000 423.800
874 -179.000 310.000 387.800
875 -179.000 310.000 351.800
876 -179.000 310.000 315.800
877 -179.000 310.000 279.800
878 -179.000 310.000 243.800
879 -179.000 310.000 207.800
880 -179.000 310.000 171.800
881 -179.000 310.000 135.800
882 -179.000 310.000 99.800
883 -219.000 226.000 711.800
884 -219.000 226.000 675.800
885 -219.000 226.000 639.800
886 -219.000 226.000 603.800
887 -219.000 226.000 567.800
888 -219.000 226.000 531.800
889 -219.000 226.000 495.800
890 -219.000 226.000 459.800
891 -219.000 226.000 423.800
892 -219.000 226.000 387.800
893 -219.000 226.000 351.800
894 -219.000 226.000 315.800
895 -219.000 226.000 279.800
896 -219.000 226.000 243.800
897 -219.000 226.000 207.800
898 -219.000 226.000 171.800
899 -219.000 226.000 135.800
900 -219.000 226.000 99.800
901 -272.000 148.000 711.800
902 -272.000 148.000 675.800
903 -272.000 148.000 639.800
904 -272.000 148.000 603.800
905 -272.000 148.000 567.800
906 -272.000 148.000 531.800
907 -272.000 148.000 495.800
908 -272.000 148.000 459.800
909 -272.000 148.000 423.800
910 -272.000 148.000 387.800
911 -272.000 148.000 351.800
912 -272.000 148.000 315.800
913 -272.000 148.000 279.800
914 -272.000 148.000 243.800
915 -272.000 148.000 207.800
916 -272.000 148.000 171.800
917 -272.000 148.000 135.800
918 -272.000 148.000 99.800
919 -314.000 69.000 711.800
920 -314.000 69.000 675.800
921 -314.000 69.000 639.800
922 -314.000 69.000 603.800
923 -314.000 69.000 567.800
924 -314.000 69.000 531.800
925 -314.000 69.000 495.800
926 -314.000 69.000 459.800
927 -314.000 69.000 423.800
928 -314.000 69.000 387.800
929 -314.000 69.000 351.800
930 -314.000 69.000 315.800
931 -314.000 69.000 279.800
932 -314.000 69.000 243.800
933 -314.000 69.000 207.800
934 -314.000 69.000 171.800
935 -314.000 69.000 135.800
936 -314.000 69.000 99.800
937 -363.000 -9.000 711.800
938 -363.000 -9.000 675.800
939 -363.000 -9.000 639.800
940 -363.000 -9.000 603.800
941 -363.000 -9.000 567.800
942 -363.000 -9.000 531.800
943 -363.000 -9.000 495.800
944 -363.000 -9.000 459.800
945 -363.000 -9.000 423.800
946 -363.000 -9.000 387.800
947 -363.000 -9.000 351.800
948 -363.000 -9.000 315.800
949 -363.000 -9.000 279.800
950 -363.000 -9.000 243.800
951 -363.000 -9.000 207.800
952 -363.000 -9.000 171.800
953 -363.000 -9.000 135.800
954 -363.000 -9.000 99.800
955 -306.000 -81.000 711.800
956 -306.000 -81.000 675.800
957 -306.000 -81.000 639.800
958 -306.000 -81.000 603.800
959 -306.000 -81.000 567.800
960 -306.000 -81.000 531.800
961 -306.000 -81.000 495.800
962 -306.000 -81.000 459.800
963 -306.000 -81.000 423.800
964 -306.000 -81.000 387.800
965 -306.000 -81.000 351.800
966 -306.000 -81.000 315.800
967 -306.000 -81.000 279.800
968 -306.000 -81.000 243.800
969 -306.000 -81.000 207.800
970 -306.000 -81.000 171.800
971 -306.000 -81.000 135.800
972 -306.000 -81.000 99.800
973 -274.000 -157.000 711.800
974 -274.000 -157.000 675.800
975 -274.000 -157.000 639.800
976 -274.000 -157.000 603.800
977 -274.000 -157.000 567.800
978 -274.000 -157.000 531.800
979 -274.000 -157.000 495.800
980 -274.000 -157.000 459.800
981 -274.000 -157.000 423.800
982 -274.000 -157.000 387.800
983 -274.000 -157.000 351.800
984 -274.000 -157.000 315.800
985 -274.000 -157.000 279.800
986 -274.000 -157.000 243.800
987 -274.000 -157.000 207.800
988 -274.000 -157.000 171.800
989 -274.000 -157.000 135.800
990 -274.000 -157.000 99.800
991 -224.000 -233.000 711.800
992 -224.000 -233.000 675.800
993 -224.000 -233.000 639.800
994 -224.000 -233.000 603.800
995 -224.000 -233.000 567.800
996 -224.000 -233.000 531.800
997 -224.000 -233.000 495.800
998 -224.000 -233.000 459.800
999 -224.000 -233.000 423.800
1000 -224.000 -233.000 387.800
1001 -224.000 -233.000 351.800
1002 -224.000 -233.000 315.800
1003 -224.000 -233.000 279.800
1004 -224.000 -233.000 243.800
1005 -224.000 -233.000 207.800
1006 -224.000 -233.000 171.800
1007 -224.000 -233.000 135.800
1008 -224.000 -233.000 99.800
1009 -180.000 -315.000 711.800
1010 -180.000 -315.000 675.800
1011 -180.000 -315.000 639.800
1012 -180.000 -315.000 603.800
1013 -180.000 -315.000 567.800
1014 -180.000 -315.000 531.800
1015 -180.000 -315.000 495.800
1016 -180.000 -315.000 459.800
1017 -180.000 -315.000 423.800
1018 -180.000 -315.000 387.800
1019 -180.000 -315.000 351.800
1020 -180.000 -315.000 315.800
1021 -180.000 -315.000 279.800
1022 -180.000 -315.000 243.800
1023 -180.000 -315.000 207.800
1024 -180.000 -315.000 171.800
1025 -180.000 -315.000 135.800
1026 -180.000 -315.000 99.800
1027 -82.000 -309.000 711.800
1028 -82.000 -309.000 675.800
1029 -82.000 -309.000 639.800
1030 -82.000 -309.000 603.800
1031 -82.000 -309.000 567.800
1032 -82.000 -309.000 531.800
1033 -82.000 -309.000 495.800
1034 -82.000 -309.000 459.800
1035 -82.000 -309.000 423.800
1036 -82.000 -309.000 387.800
1037 -82.000 -309.000 351.800
1038 -82.000 -309.000 315.800
1039 -82.000 -309.000 279.800
1040 -82.000 -309.000 243.800
1041 -82.000 -309.000 207.800
1042 -82.000 -309.000 171.800
1043 -82.000 -309.000 135.800
1044 -82.000 -309.000 99.800
1045 -4.000 -316.000 711.800
1046 -4.000 -316.000 675.800
1047 -4.000 -316.000 639.800
1048 -4.000 -316.000 603.800
1049 -4.000 -316.000 567.800
1050 -4.000 -316.000 531.800
1051 -4.000 -316.000 495.800
1052 -4.000 -316.000 459.800
1053 -4.000 -316.000 423.800
1054 -4.000 -316.000 387.800
1055 -4.000 -316.000 351.800
1056 -4.000 -316.000 315.800
1057 -4.000 -316.000 279.800
1058 -4.000 -316.000 243.800
1059 -4.000 -316.000 207.800
1060 -4.000 -316.000 171.800
1061 -4.000 -316.000 135.800
1062 -4.000 -316.000 99.800
1063 90.000 -307.000 711.800
1064 90.000 -307.000 675.800
1065 90.000 -307.000 639.800
1066 90.000 -307.000 603.800
1067 90.000 -307.000 567.800
1068 90.000 -307.000 531.800
1069 90.000 -307.000 495.800
1070 90.000 -307.000 459.800
1071 90.000 -307.000 423.800
1072 90.000 -307.000 387.800
1073 90.000 -307.000 351.800
1074 90.000 -307.000 315.800
1075 90.000 -307.000 279.800
1076 90.000 -307.000 243.800
1077 90.000 -307.000 207.800
1078 90.000 -307.000 171.800
1079 90.000 -307.000 135.800
1080 90.000 -307.000 99.800
1081 183.000 -311.000 711.800
1082 183.000 -311.000 675.800
1083 183.000 -311.000 639.800
1084 183.000 -311.000 603.800
1085 183.000 -311.000 567.800
1086 183.000 -311.000 531.800
1087 183.000 -311.000 495.800
1088 183.000 -311.000 459.800
1089 183.000 -311.000 423.800
1090 183.000 -311.000 387.800
1091 183.000 -311.000 351.800
1092 183.000 -311.000 315.800
1093 183.000 -311.000 279.800
1094 183.000 -311.000 243.800
1095 183.000 -311.000 207.800
1096 183.000 -311.000 171.800
1097 183.000 -311.000 135.800
1098 183.000 -311.000 99.800
1099 444.000 4.000 711.800
1100 444.000 4.000 675.800
1101 444.000 4.000 639.800
1102 444.000 4.000 603.800
1103 444.000 4.000 567.800
1104 444.000 4.000 531.800
1105 444.000 4.000 495.800
1106 444.000 4.000 459.800
1107 444.000 4.000 423.800
1108 444.000 4.000 387.800
1109 444.000 4.000 351.800
1110 444.000 4.000 315.800
1111 444.000 4.000 279.800
1112 444.000 4.000 243.800
1113 444.000 4.000 207.800
1114 444.000 4.000 171.800
1115 444.000 4.000 135.800
1116 444.000 4.000 99.800
1117 410.000 75.000 711.800
1118 410.000 75.000 675.800
1119 410.000 75.000 639.800
1120 410.000 75.000 603.800
1121 410.000 75.000 567.800
1122 410.000 75.000 531.800
1123 410.000 75.000 495.800
1124 410.000 75.000 459.800
1125 410.000 75.000 423.800
1126 410.000 75.000 387.800
1127 410.000 75.000 351.800
1128 410.000 75.000 315.800
1129 410.000 75.000 279.800
1130 410.000 75.000 243.800
1131 410.000 75.000 207.800
1132 410.000 75.000 171.800
1133 410.000 75.000 135.800
1134 410.000 75.000 99.800
1135 410.000 -86.000 711.800
1136 410.000 -86.000 675.800
1137 410.000 -86.000 639.800
1138 410.000 -86.000 603.800
1139 410.000 -86.000 567.800
1140 410.000 -86.000 531.800
1141 410.000 -86.000 495.800
1142 410.000 -86.000 459.800
1143 410.000 -86.000 423.800
1144 410.000 -86.000 387.800
1145 410.000 -86.000 351.800
1146 410.000 -86.000 315.800
1147 410.000 -86.000 279.800
1148 410.000 -86.000 243.800
1149 410.000 -86.000 207.800
1150 410.000 -86.000 171.800
1151 410.000 -86.000 135.800
1152 410.000 -86.000 99.800
1153 351.000 157.000 711.800
1154 351.000 157.000 675.800
1155 351.000 157.000 639.800
1156 351.000 157.000 603.800
1157 351.000 157.000 567.800
1158 351.000 157.000 531.800
1159 351.000 157.000 495.800
1160 351.000 157.000 459.800
1161 351.000 157.000 423.800
1162 351.000 157.000 387.800
1163 351.000 157.000 351.800
1164 351.000 157.000 315.800
1165 351.000 157.000 279.800
1166 351.000 157.000 243.800
1167 351.000 157.000 207.800
1168 351.000 157.000 171.800
1169 351.000 157.000 135.800
1170 351.000 157.000 99.800
1171 360.000 -150.000 711.800
1172 360.000 -150.000 675.800
1173 360.000 -150.000 639.800
1174 360.000 -150.000 603.800
1175 360.000 -150.000 567.800
1176 360.000 -150.000 531.800
1177 360.000 -150.000 495.800
1178 360.000 -150.000 459.800
1179 360.000 -150.000 423.800
1180 360.000 -150.000 387.800
1181 360.000 -150.000 351.800
1182 360.000 -150.000 315.800
1183 360.000 -150.000 279.800
1184 360.000 -150.000 243.800
1185 360.000 -150.000 207.800
1186 360.000 -150.000 171.800
1187 360.000 -150.000 135.800
1188 360.000 -150.000 99.800
1189 319.000 231.000 711.800
1190 319.000 231.000 675.800
1191 319.000 231.000 639.800
1192 319.000 231.000 603.800
1193 319.000 231.000 567.800
1194 319.000 231.000 531.800
1195 319.000 231.000 495.800
1196 319.000 231.000 459.800
1197 319.000 231.000 423.800
1198 319.000 231.000 387.800
1199 319.000 231.000 351.800
1200 319.000 231.000 315.800
1201 319.000 231.000 279.800
1202 319.000 231.000 243.800
1203 319.000 231.000 207.800
1204 319.000 231.000 171.800
1205 319.000 231.000 135.800
1206 319.000 231.000 99.800
1207 324.000 -237.000 711.800
1208 324.000 -237.000 675.800
1209 324.000 -237.000 639.800
1210 324.000 -237.000 603.800
1211 324.000 -237.000 567.800
1212 324.000 -237.000 531.800
1213 324.000 -237.000 495.800
1214 324.000 -237.000 459.800
1215 324.000 -237.000 423.800
1216 324.000 -237.000 387.800
1217 324.000 -237.000 351.800
1218 324.000 -237.000 315.800
1219 324.000 -237.000 279.800
1220 324.000 -237.000 243.800
1221 324.000 -237.000 207.800
1222 324.000 -237.000 171.800
1223 324.000 -237.000 135.800
1224 324.000 -237.000 99.800
1225 271.000 306.000 711.800
1226 271.000 306.000 675.800
1227 271.000 306.000 639.800
1228 271.000 306.000 603.800
1229 271.000 306.000 567.800
1230 271.000 306.000 531.800
1231 271.000 306.000 495.800
1232 271.000 306.000 459.800
1233 271.000 306.000 423.800
1234 271.000 306.000 387.800
1235 271.000 306.000 351.800
1236 271.000 306.000 315.800
1237 271.000 306.000 279.800
1238 271.000 306.000 243.800
1239 271.000 306.000 207.800
1240 271.000 306.000 171.800
1241 271.000 306.000 135.800
1242 271.000 306.000 99.800
1243 275.000 -305.000 711.800
1244 275.000 -305.000 675.800
1245 275.000 -305.000 639.800
1246 275.000 -305.000 603.800
1247 275.000 -305.000 567.800
1248 275.000 -305.000 531.800
1249 275.000 -305.000 495.800
1250 275.000 -305.000 459.800
1251 275.000 -305.000 423.800
1252 275.000 -305.000 387.800
1253 275.000 -305.000 351.800
1254 275.000 -305.000 315.800
1255 275.000 -305.000 279.800
1256 275.000 -305.000 243.800
1257 275.000 -305.000 207.800
1258 275.000 -305.000 171.800
1259 275.000 -305.000 135.800
1260 275.000 -305.000 99.800
1261 225.000 395.000 711.800
1262 225.000 395.000 675.800
1263 225.000 395.000 639.800
1264 225.000 395.000 603.800
1265 225.000 395.000 567.800
1266 225.000 395.000 531.800
1267 225.000 395.000 495.800
1268 225.000 395.000 459.800
1269 225.000 395.000 423.800
1270 225.000 395.000 387.800
1271 225.000 395.000 351.800
1272 225.000 395.000 315.800
1273 225.000 395.000 279.800
1274 225.000 395.000 243.800
1275 225.000 395.000 207.800
1276 225.000 395.000 171.800
1277 225.000 395.000 135.800
1278 225.000 395.000 99.800
1279 140.000 394.000 711.800
1280 140.000 394.000 675.800
1281 140.000 394.000 639.800
1282 140.000 394.000 603.800
1283 140.000 394.000 567.800
1284 140.000 394.000 531.800
1285 140.000 394.000 495.800
1286 140.000 394.000 459.800
1287 140.000 394.000 423.800
1288 140.000 394.000 387.800
1289 140.000 394.000 351.800
1290 140.000 394.000 315.800
1291 140.000 394.000 279.800
1292 140.000 394.000 243.800
1293 140.000 394.000 207.800
1294 140.000 394.000 171.800
1295 140.000 394.000 135.800
1296 140.000 394.000 99.800
1297 49.000 390.000 711.800
1298 49.000 390.000 675.800
1299 49.000 390.000 639.800
1300 49.000 390.000 603.800
1301 49.000 390.000 567.800
1302 49.000 390.000 531.800
1303 49.000 390.000 495.800
1304 49.000 390.000 459.800
1305 49.000 390.000 423.800
1306 49.000 390.000 387.800
1307 49.000 390.000 351.800
1308 49.000 390.000 315.800
1309 49.000 390.000 279.800
1310 49.000 390.000 243.800
1311 49.000 390.000 207.800
1312 49.000 390.000 171.800
1313 49.000 390.000 135.800
1314 49.000 390.000 99.800
1315 -45.000 397.000 711.800
1316 -45.000 397.000 675.800
1317 -45.000 397.000 639.800
1318 -45.000 397.000 603.800
1319 -45.000 397.000 567.800
1320 -45.000 397.000 531.800
1321 -45.000 397.000 495.800
1322 -45.000 397.000 459.800
1323 -45.000 397.000 423.800
1324 -45.000 397.000 387.800
1325 -45.000 397.000 351.800
1326 -45.000 397.000 315.800
1327 -45.000 397.000 279.800
1328 -45.000 397.000 243.800
1329 -45.000 397.000 207.800
1330 -45.000 397.000 171.800
1331 -45.000 397.000 135.800
1332 -45.000 397.000 99.800
1333 -130.000 396.000 711.800
1334 -130.000 396.000 675.800
1335 -130.000 396.000 639.800
1336 -130.000 396.000 603.800
1337 -130.000 396.000 567.800
1338 -130.000 396.000 531.800
1339 -130.000 396.000 495.800
1340 -130.000 396.000 459.800
1341 -130.000 396.000 423.800
1342 -130.000 396.000 387.800
1343 -130.000 396.000 351.800
1344 -130.000 396.000 315.800
1345 -130.000 396.000 279.800
1346 -130.000 396.000 243.800
1347 -130.000 396.000 207.800
1348 -130.000 396.000 171.800
1349 -130.000 396.000 135.800
1350 -130.000 396.000 99.800
1351 -228.000 392.000 711.800
1352 -228.000 392.000 675.800
1353 -228.000 392.000 639.800
1354 -228.000 392.000 603.800
1355 -228.000 392.000 567.800
1356 -228.000 392.000 531.800
1357 -228.000 392.000 495.800
1358 -228.000 392.000 459.800
1359 -228.000 392.000 423.800
1360 -228.000 392.000 387.800
1361 -228.000 392.000 351.800
1362 -228.000 392.000 315.800
1363 -228.000 392.000 279.800
1364 -228.000 392.000 243.800
1365 -228.000 392.000 207.800
1366 -228.000 392.000 171.800
1367 -228.000 392.000 135.800
1368 -228.000 392.000 99.800
1369 -260.000 312.000 711.800
1370 -260.000 312.000 675.800
1371 -260.000 312.000 639.800
1372 -260.000 312.000 603.800
1373 -260.000 312.000 567.800
1374 -260.000 312.000 531.800
1375 -260.000 312.000 495.800
1376 -260.000 312.000 459.800
1377 -260.000 312.000 423.800
1378 -260.000 312.000 387.800
1379 -260.000 312.000 351.800
1380 -260.000 312.000 315.800
1381 -260.000 312.000 279.800
1382 -260.000 312.000 243.800
1383 -260.000 312.000 207.800
1384 -260.000 312.000 171.800
1385 -260.000 312.000 135.800
1386 -260.000 312.000 99.800
1387 -313.000 240.000 711.800
1388 -313.000 240.000 675.800
1389 -313.000 240.000 639.800
1390 -313.000 240.000 603.800
1391 -313.000 240.000 567.800
1392 -313.000 240.000 531.800
1393 -313.000 240.000 495.800
1394 -313.000 240.000 459.800
1395 -313.000 240.000 423.800
1396 -313.000 240.000 387.800
1397 -313.000 240.000 351.800
1398 -313.000 240.000 315.800
1399 -313.000 240.000 279.800
1400 -313.000 240.000 243.800
1401 -313.000 240.000 207.800
1402 -313.000 240.000 171.800
1403 -313.000 240.000 135.800
1404 -313.000 240.000 99.800
1405 -351.000 152.000 711.800
1406 -351.000 152.000 675.800
1407 -351.000 152.000 639.800
1408 -351.000 152.000 603.800
1409 -351.000 152.000 567.800
1410 -351.000 152.000 531.800
1411 -351.000 152.000 495.800
1412 -351.000 152.000 459.800
1413 -351.000 152.000 423.800
1414 -351.000 152.000 387.800
1415 -351.000 152.000 351.800
1416 -351.000 152.000 315.800
1417 -351.000 152.000 279.800
1418 -351.000 152.000 243.800
1419 -351.000 152.000 207.800
1420 -351.000 152.000 171.800
1421 -351.000 152.000 135.800
1422 -351.000 152.000 99.800
1423 -399.000 76.000 711.800
1424 -399.000 76.000 675.800
1425 -399.000 76.000 639.800
1426 -399.000 76.000 603.800
1427 -399.000 76.000 567.800
1428 -399.000 76.000 531.800
1429 -399.000 76.000 495.800
1430 -399.000 76.000 459.800
1431 -399.000 76.000 423.800
1432 -399.000 76.000 387.800
1433 -399.000 76.000 351.800
1434 -399.000 76.000 315.800
1435 -399.000 76.000 279.800
1436 -399.000 76.000 243.800
1437 -399.000 76.000 207.800
1438 -399.000 76.000 171.800
1439 -399.000 76.000 135.800
1440 -399.000 76.000 99.800
1441 -451.000 -5.000 711.800
1442 -451.000 -5.000 675.800
1443 -451.000 -5.000 639.800
1444 -451.000 -5.000 603.800
1445 -451.000 -5.000 567.800
1446 -451.000 -5.000 531.800
1447 -451.000 -5.000 495.800
1448 -451.000 -5.000 459.800
1449 -451.000 -5.000 423.800
1450 -451.000 -5.000 387.800
1451 -451.000 -5.000 351.800
1452 -451.000 -5.000 315.800
1453 -451.000 -5.000 279.800
1454 -451.000 -5.000 243.800
1455 -451.000 -5.000 207.800
1456 -451.000 -5.000 171.800
1457 -451.000 -5.000 135.800
1458 -451.000 -5.000 99.800
1459 -400.000 -73.000 711.800
1460 -400.000 -73.000 675.800
1461 -400.000 -73.000 639.800
1462 -400.000 -73.000 603.800
1463 -400.000 -73.000 567.800
1464 -400.000 -73.000 531.800
1465 -400.000 -73.000 495.800
1466 -400.000 -73.000 459.800
1467 -400.000 -73.000 423.800
1468 -400.000 -73.000 387.800
1469 -400.000 -73.000 351.800
1470 -400.000 -73.000 315.800
1471 -400.000 -73.000 279.800
1472 -400.000 -73.000 243.800
1473 -400.000 -73.000 207.800
1474 -400.000 -73.000 171.800
1475 -400.000 -73.000 135.800
1476 -400.000 -73.000 99.800
1477 -363.000 -157.000 711.800
1478 -363.000 -157.000 675.800
1479 -363.000 -157.000 639.800
1480 -363.000 -157.000 603.800
1481 -363.000 -157.000 567.800
1482 -363.000 -157.000 531.800
1483 -363.000 -157.000 495.800
1484 -363.000 -157.000 459.800
1485 -363.000 -157.000 423.800
1486 -363.000 -157.000 387.800
1487 -363.000 -157.000 351.800
1488 -363.000 -157.000 315.800
1489 -363.000 -157.000 279.800
1490 -363.000 -157.000 243.800
1491 -363.000 -157.000 207.800
1492 -363.000 -157.000 171.800
1493 -363.000 -157.000 135.800
1494 -363.000 -157.000 99.800
1495 -315.000 -236.000 711.800
1496 -315.000 -236.000 675.800
1497 -315.000 -236.000 639.800
1498 -315.000 -236.000 603.800
1499 -315.000 -236.000 567.800
1500 -315.000 -236.000 531.800
1501 -315.000 -236.000 495.800
1502 -315.000 -236.000 459.800
1503 -315.000 -236.000 423.800
1504 -315.000 -236.000 387.800
1505 -315.000 -236.000 351.800
1506 -315.000 -236.000 315.800
1507 -315.000 -236.000 279.800
1508 -315.000 -236.000 243.800
1509 -315.000 -236.000 207.800
1510 -315.000 -236.000 171.800
1511 -315.000 -236.000 135.800
1512 -315.000 -236.000 99.800
1513 -262.000 -317.000 711.800
1514 -262.000 -317.000 675.800
1515 -262.000 -317.000 639.800
1516 -262.000 -317.000 603.800
1517 -262.000 -317.000 567.800
1518 -262.000 -317.000 531.800
1519 -262.000 -317.000 495.800
1520 -262.000 -317.000 459.800
1521 -262.000 -317.000 423.800
1522 -262.000 -317.000 387.800
1523 -262.000 -317.000 351.800
1524 -262.000 -317.000 315.800
1525 -262.000 -317.000 279.800
1526 -262.000 -317.000 243.800
1527 -262.000 -317.000 207.800
1528 -262.000 -317.000 171.800
1529 -262.000 -317.000 135.800
1530 -262.000 -317.000 99.800
1531 -219.000 -389.000 711.800
1532 -219.000 -389.000 675.800
1533 -219.000 -389.000 639.800
1534 -219.000 -389.000 603.800
1535 -219.000 -389.000 567.800
1536 -219.000 -389.000 531.800
1537 -219.000 -389.000 495.800
1538 -219.000 -389.000 459.800
1539 -219.000 -389.000 423.800
1540 -219.000 -389.000 387.800
1541 -219.000 -389.000 351.800
1542 -219.000 -389.000 315.800
1543 -219.000 -389.000 279.800
1544 -219.000 -389.000 243.800
1545 -219.000 -389.000 207.800
1546 -219.000 -389.000 171.800
1547 -219.000 -389.000 135.800
1548 -219.000 -389.000 99.800
1549 -131.000 -388.000 711.800
1550 -131.000 -388.000 675.800
1551 -131.000 -388.000 639.800
1552 -131.000 -388.000 603.800
1553 -131.000 -388.000 567.800
1554 -131.000 -388.000 531.800
1555 -131.000 -388.000 495.800
1556 -131.000 -388.000 459.800
1557 -131.000 -388.000 423.800
1558 -131.000 -388.000 387.800
1559 -131.000 -388.000 351.800
1560 -131.000 -388.000 315.800
1561 -131.000 -388.000 279.800
1562 -131.000 -388.000 243.800
1563 -131.000 -388.000 207.800
1564 -131.000 -388.000 171.800
1565 -131.000 -388.000 135.800
1566 -131.000 -388.000 99.800
1567 -45.000 -381.000 711.800
1568 -45.000 -381.000 675.800
1569 -45.000 -381.000 639.800
1570 -45.000 -381.000 603.800
1571 -45.000 -381.000 567.800
1572 -45.000 -381.000 531.800
1573 -45.000 -381.000 495.800
1574 -45.000 -381.000 459.800
1575 -45.000 -381.000 423.800
1576 -45.000 -381.000 387.800
1577 -45.000 -381.000 351.800
1578 -45.000 -381.000 315.800
1579 -45.000 -381.000 279.800
1580 -45.000 -381.000 243.800
1581 -45.000 -381.000 207.800
1582 -45.000 -381.000 171.800
1583 -45.000 -381.000 135.800
1584 -45.000 -381.000 99.800
1585 45.000 -383.000 711.800
1586 45.000 -383.000 675.800
1587 45.000 -383.000 639.800
1588 45.000 -383.000 603.800
1589 45.000 -383.000 567.800
1590 45.000 -383.000 531.800
1591 45.000 -383.000 495.800
1592 45.000 -383.000 459.800
1593 45.000 -383.000 423.800
1594 45.000 -383.000 387.800
1595 45.000 -383.000 351.800
1596 45.000 -383.000 315.800
1597 45.000 -383.000 279.800
1598 45.000 -383.000 243.800
1599 45.000 -383.000 207.800
1600 45.000 -383.000 171.800
1601 45.000 -383.000 135.800
1602 45.000 -383.000 99.800
1603 126.000 -388.000 711.800
1604 126.000 -388.000 675.800
1605 126.000 -388.000 639.800
1606 126.000 -388.000 603.800
1607 126.000 -388.000 567.800
1608 126.000 -388.000 531.800
1609 126.000 -388.000 495.800
1610 126.000 -388.000 459.800
1611 126.000 -388.000 423.800
1612 126.000 -388.000 387.800
1613 126.000 -388.000 351.800
1614 126.000 -388.000 315.800
1615 126.000 -388.000 279.800
1616 126.000 -388.000 243.800
1617 126.000 -388.000 207.800
1618 126.000 -388.000 171.800
1619 126.000 -388.000 135.800
1620 126.000 -388.000 99.800
1621 234.000 -389.000 711.800
1622 234.000 -389.000 675.800
1623 234.000 -389.000 639.800
1624 234.000 -389.000 603.800
1625 234.000 -389.000 567.800
1626 234.000 -389.000 531.800
1627 234.000 -389.000 495.800
1628 234.000 -389.000 459.800
1629 234.000 -389.000 423.800
1630 234.000 -389.000 387.800
1631 234.000 -389.000 351.800
1632 234.000 -389.000 315.800
1633 234.000 -389.000 279.800
1634 234.000 -389.000 243.800
1635 234.000 -389.000 207.800
1636 234.000 -389.000 171.800
1637 234.000 -389.000 135.800
1638 234.000 -389.000 99.800
1639 494.000 77.000 711.800
1640 494.000 77.000 675.800
1641 494.000 77.000 639.800
1642 494.000 77.000 603.800
1643 494.000 77.000 567.800
1644 494.000 77.000 531.800
1645 494.000 77.000 495.800
1646 494.000 77.000 459.800
1647 494.000 77.000 423.800
1648 494.000 77.000 387.800
1649 494.000 77.000 351.800
1650 494.000 77.000 315.800
1651 494.000 77.000 279.800
1652 494.000 77.000 243.800
1653 494.000 77.000 207.800
1654 494.000 77.000 171.800
1655 494.000 77.000 135.800
1656 494.000 77.000 99.800
1657 494.000 -87.000 711.800
1658 494.000 -87.000 675.800
1659 494.000 -87.000 639.800
1660 494.000 -87.000 603.800
1661 494.000 -87.000 567.800
1662 494.000 -87.000 531.800
1663 494.000 -87.000 495.800
1664 494.000 -87.000 459.800
1665 494.000 -87.000 423.800
1666 494.000 -87.000 387.800
1667 494.000 -87.000 351.800
1668 494.000 -87.000 315.800
1669 494.000 -87.000 279.800
1670 494.000 -87.000 243.800
1671 494.000 -87.000 207.800
1672 494.000 -87.000 171.800
1673 494.000 -87.000 135.800
1674 494.000 -87.000 99.800
1675 444.000 161.000 711.800
1676 444.000 161.000 675.800
1677 444.000 161.000 639.800
1678 444.000 161.000 603.800
1679 444.000 161.000 567.800
1680 444.000 161.000 531.800
1681 444.000 161.000 495.800
1682 444.000 161.000 459.800
1683 444.000 161.000 423.800
1684 444.000 161.000 387.800
1685 444.000 161.000 351.800
1686 444.000 161.000 315.800
1687 444.000 161.000 279.800
1688 444.000 161.000 243.800
1689 444.000 161.000 207.800
1690 444.000 161.000 171.800
1691 444.000 161.000 135.800
1692 444.000 161.000 99.800
1693 447.000 -165.000 711.800
1694 447.000 -165.000 675.800
1695 447.000 -165.000 639.800
1696 447.000 -165.000 603.800
1697 447.000 -165.000 567.800
1698 447.000 -165.000 531.800
1699 447.000 -165.000 495.800
1700 447.000 -165.000 459.800
1701 447.000 -165.000 423.800
1702 447.000 -165.000 387.800
1703 447.000 -165.000 351.800
1704 447.000 -165.000 315.800
1705 447.000 -165.000 279.800
1706 447.000 -165.000 243.800
1707 447.000 -165.000 207.800
1708 447.000 -165.000 171.800
1709 447.000 -165.000 135.800
1710 447.000 -165.000 99.800
1711 408.000 243.000 711.800
1712 408.000 243.000 675.800
1713 408.000 243.000 639.800
1714 408.000 243.000 603.800
1715 408.000 243.000 567.800
1716 408.000 243.000 531.800
1717 408.000 243.000 495.800
1718 408.000 243.000 459.800
1719 408.000 243.000 423.800
1720 408.000 243.000 387.800
1721 408.000 243.000 351.800
1722 408.000 243.000 315.800
1723 408.000 243.000 279.800
1724 408.000 243.000 243.800
1725 408.000 243.000 207.800
1726 408.000 243.000 171.800
1727 408.000 243.000 135.800
1728 408.000 243.000 99.800
1729 409.000 -238.000 711.800
1730 409.000 -238.000 675.800
1731 409.000 -238.000 639.800
1732 409.000 -238.000 603.800
1733 409.000 -238.000 567.800
1734 409.000 -238.000 531.800
1735 409.000 -238.000 495.800
1736 409.000 -238.000 459.800
1737 409.000 -238.000 423.800
1738 409.000 -238.000 387.800
1739 409.000 -238.000 351.800
1740 409.000 -238.000 315.800
1741 409.000 -238.000 279.800
1742 409.000 -238.000 243.800
1743 409.000 -238.000 207.800
1744 409.000 -238.000 171.800
1745 409.000 -238.000 135.800
1746 409.000 -238.000 99.800
1747 352.000 311.000 711.800
1748 352.000 311.000 675.800
1749 352.000 311.000 639.800
1750 352.000 311.000 603.800
1751 352.000 311.000 567.800
1752 352.000 311.000 531.800
1753 352.000 311.000 495.800
1754 352.000 311.000 459.800
1755 352.000 311.000 423.800
1756 352.000 311.000 387.800
1757 352.000 311.000 351.800
1758 352.000 311.000 315.800
1759 352.000 311.000 279.800
1760 352.000 311.000 243.800
1761 352.000 311.000 207.800
1762 352.000 311.000 171.800
1763 352.000 311.000 135.800
1764 352.000 311.000 99.800
1765 353.000 -311.000 711.800
1766 353.000 -311.000 675.800
1767 353.000 -311.000 639.800
1768 353.000 -311.000 603.800
1769 353.000 -311.000 567.800
1770 353.000 -311.000 531.800
1771 353.000 -311.000 495.800
1772 353.000 -311.000 459.800
1773 353.000 -311.000 423.800
1774 353.000 -311.000 387.800
1775 353.000 -311.000 351.800
1776 353.000 -311.000 315.800
1777 353.000 -311.000 279.800
1778 353.000 -311.000 243.800
1779 353.000 -311.000 207.800
1780 353.000 -311.000 171.800
1781 353.000 -311.000 135.800
1782 353.000 -311.000 99.800
1783 313.000 387.000 711.800
1784 313.000 387.000 675.800
1785 313.000 387.000 639.800
1786 313.000 387.000 603.800
1787 313.000 387.000 567.800
1788 313.000 387.000 531.800
1789 313.000 387.000 495.800
1790 313.000 387.000 459.800
1791 313.000 387.000 423.800
1792 313.000 387.000 387.800
1793 313.000 387.000 351.800
1794 313.000 387.000 315.800
1795 313.000 387.000 279.800
1796 313.000 387.000 243.800
1797 313.000 387.000 207.800
1798 313.000 387.000 171.800
1799 313.000 387.000 135.800
1800 313.000 387.000 99.800
1801 179.000 467.000 711.800
1802 179.000 467.000 675.800
1803 179.000 467.000 639.800
1804 179.000 467.000 603.800
1805 179.000 467.000 567.800
1806 179.000 467.000 531.800
1807 179.000 467.000 495.800
1808 179.000 467.000 459.800
1809 179.000 467.000 423.800
1810 179.000 467.000 387.800
1811 179.000 467.000 351.800
1812 179.000 467.000 315.800
1813 179.000 467.000 279.800
1814 179.000 467.000 243.800
1815 179.000 467.000 207.800
1816 179.000 467.000 171.800
1817 179.000 467.000 135.800
1818 179.000 467.000 99.800
1819 90.000 461.000 711.800
1820 90.000 461.000 675.800
1821 90.000 461.000 639.800
1822 90.000 461.000 603.800
1823 90.000 461.000 567.800
1824 90.000 461.000 531.800
1825 90.000 461.000 495.800
1826 90.000 461.000 459.800
1827 90.000 461.000 423.800
1828 90.000 461.000 387.800
1829 90.000 461.000 351.800
1830 90.000 461.000 315.800
1831 90.000 461.000 279.800
1832 90.000 461.000 243.800
1833 90.000 461.000 207.800
1834 90.000 461.000 171.800
1835 90.000 461.000 135.800
1836 90.000 461.000 99.800
1837 6.000 472.000 711.800
1838 6.000 472.000 675.800
1839 6.000 472.000 639.800
1840 6.000 472.000 603.800
1841 6.000 472.000 567.800
1842 6.000 472.000 531.800
1843 6.000 472.000 495.800
1844 6.000 472.000 459.800
1845 6.000 472.000 423.800
1846 6.000 472.000 387.800
1847 6.000 472.000 351.800
1848 6.000 472.000 315.800
1849 6.000 472.000 279.800
1850 6.000 472.000 243.800
1851 6.000 472.000 207.800
1852 6.000 472.000 171.800
1853 6.000 472.000 135.800
1854 6.000 472.000 99.800
1855 -91.000 474.000 711.800
1856 -91.000 474.000 675.800
1857 -91.000 474.000 639.800
1858 -91.000 474.000 603.800
1859 -91.000 474.000 567.800
1860 -91.000 474.000 531.800
1861 -91.000 474.000 495.800
1862 -91.000 474.000 459.800
1863 -91.000 474.000 423.800
1864 -91.000 474.000 387.800
1865 -91.000 474.000 351.800
1866 -91.000 474.000 315.800
1867 -91.000 474.000 279.800
1868 -91.000 474.000 243.800
1869 -91.000 474.000 207.800
1870 -91.000 474.000 171.800
1871 -91.000 474.000 135.800
1872 -91.000 474.000 99.800
1873 -177.000 461.000 711.800
1874 -177.000 461.000 675.800
1875 -177.000 461.000 639.800
1876 -177.000 461.000 603.800
1877 -177.000 461.000 567.800
1878 -177.000 461.000 531.800
1879 -177.000 461.000 495.800
1880 -177.000 461.000 459.800
1881 -177.000 461.000 423.800
1882 -177.000 461.000 387.800
1883 -177.000 461.000 351.800
1884 -177.000 461.000 315.800
1885 -177.000 461.000 279.800
1886 -177.000 461.000 243.800
1887 -177.000 461.000 207.800
1888 -177.000 461.000 171.800
1889 -177.000 461.000 135.800
1890 -177.000 461.000 99.800
1891 -359.000 302.000 711.800
1892 -359.000 302.000 675.800
1893 -359.000 302.000 639.800
1894 -359.000 302.000 603.800
1895 -359.000 302.000 567.800
1896 -359.000 302.000 531.800
1897 -359.000 302.000 495.800
1898 -359.000 302.000 459.800
1899 -359.000 302.000 423.800
1900 -359.000 302.000 387.800
1901 -359.000 302.000 351.800
1902 -359.000 302.000 315.800
1903 -359.000 302.000 279.800
1904 -359.000 302.000 243.800
1905 -359.000 302.000 207.800
1906 -359.000 302.000 171.800
1907 -359.000 302.000 135.800
1908 -359.000 302.000 99.800
1909 -408.000 227.000 711.800
1910 -408.000 227.000 675.800
1911 -408.000 227.000 639.800
1912 -408.000 227.000 603.800
1913 -408.000 227.000 567.800
1914 -408.000 227.000 531.800
1915 -408.000 227.000 495.800
1916 -408.000 227.000 459.800
1917 -408.000 227.000 423.800
1918 -408.000 227.000 387.800
1919 -408.000 227.000 351.800
1920 -408.000 227.000 315.800
1921 -408.000 227.000 279.800
1922 -408.000 227.000 243.800
1923 -408.000 227.000 207.800
1924 -408.000 227.000 171.800
1925 -408.000 227.000 135.800
1926 -408.000 227.000 99.800
1927 -449.000 148.000 711.800
1928 -449.000 148.000 675.800
1929 -449.000 148.000 639.800
1930 -449.000 148.000 603.800
1931 -449.000 148.000 567.800
1932 -449.000 148.000 531.800
1933 -449.000 148.000 495.800
1934 -449.000 148.000 459.800
1935 -449.000 148.000 423.800
1936 -449.000 148.000 387.800
1937 -449.000 148.000 351.800
1938 -449.000 148.000 315.800
1939 -449.000 148.000 279.800
1940 -449.000 148.000 243.800
1941 -449.000 148.000 207.800
1942 -449.000 148.000 171.800
1943 -449.000 148.000 135.800
1944 -449.000 148.000 99.800
1945 -448.000 -157.000 711.800
1946 -448.000 -157.000 675.800
1947 -448.000 -157.000 639.800
1948 -448.000 -157.000 603.800
1949 -448.000 -157.000 567.800
1950 -448.000 -157.000 531.800
1951 -448.000 -157.000 495.800
1952 -448.000 -157.000 459.800
1953 -448.000 -157.000 423.800
1954 -448.000 -157.000 387.800
1955 -448.000 -157.000 351.800
1956 -448.000 -157.000 315.800
1957 -448.000 -157.000 279.800
1958 -448.000 -157.000 243.800
1959 -448.000 -157.000 207.800
1960 -448.000 -157.000 171.800
1961 -448.000 -157.000 135.800
1962 -448.000 -157.000 99.800
1963 -410.000 -236.000 711.800
1964 -410.000 -236.000 675.800
1965 -410.000 -236.000 639.800
1966 -410.000 -236.000 603.800
1967 -410.000 -236.000 567.800
1968 -410.000 -236.000 531.800
1969 -410.000 -236.000 495.800
1970 -410.000 -236.000 459.800
1971 -410.000 -236.000 423.800
1972 -410.000 -236.000 387.800
1973 -410.000 -236.000 351.800
1974 -410.000 -236.000 315.800
1975 -410.000 -236.000 279.800
1976 -410.000 -236.000 243.800
1977 -410.000 -236.000 207.800
1978 -410.000 -236.000 171.800
1979 -410.000 -236.000 135.800
1980 -410.000 -236.000 99.800
1981 -354.000 -319.000 711.800
1982 -354.000 -319.000 675.800
1983 -354.000 -319.000 639.800
1984 -354.000 -319.000 603.800
1985 -354.000 -319.000 567.800
1986 -354.000 -319.000 531.800
1987 -354.000 -319.000 495.800
1988 -354.000 -319.000 459.800
1989 -354.000 -319.000 423.800
1990 -354.000 -319.000 387.800
1991 -354.000 -319.000 351.800
1992 -354.000 -319.000 315.800
1993 -354.000 -319.000 279.800
1994 -354.000 -319.000 243.800
1995 -354.000 -319.000 207.800
1996 -354.000 -319.000 171.800
1997 -354.000 -319.000 135.800
1998 -354.000 -319.000 99.800
1999 -85.000 -466.000 711.800
2000 -85.000 -466.000 675.800
2001 -85.000 -466.000 639.800
2002 -85.000 -466.000 603.800
2003 -85.000 -466.000 567.800
2004 -85.000 -466.000 531.800
2005 -85.000 -466.000 495.800
2006 -85.000 -466.000 459.800
2007 -85.000 -466.000 423.800
2008 -85.000 -466.000 387.800
2009 -85.000 -466.000 351.800
2010 -85.000 -466.000 315.800
2011 -85.000 -466.000 279.800
2012 -85.000 -466.000 243.800
2013 -85.000 -466.000 207.800
2014 -85.000 -466.000 171.800
2015 -85.000 -466.000 135.800
2016 -85.000 -466.000 99.800
2017 9.000 -467.000 711.800
2018 9.000 -467.000 675.800
2019 9.000 -467.000 639.800
2020 9.000 -467.000 603.800
2021 9.000 -467.000 567.800
2022 9.000 -467.000 531.800
2023 9.000 -467.000 495.800
2024 9.000 -467.000 459.800
2025 9.000 -467.000 423.800
2026 9.000 -467.000 387.800
2027 9.000 -467.000 351.800
2028 9.000 -467.000 315.800
2029 9.000 -467.000 279.800
2030 9.000 -467.000 243.800
2031 9.000 -467.000 207.800
2032 9.000 -467.000 171.800
2033 9.000 -467.000 135.800
2034 9.000 -467.000 99.800
2035 85.000 -462.000 711.800
2036 85.000 -462.000 675.800
2037 85.000 -462.000 639.800
2038 85.000 -462.000 603.800
2039 85.000 -462.000 567.800
2040 85.000 -462.000 531.800
2041 85.000 -462.000 495.800
2042 85.000 -462.000 459.800
2043 85.000 -462.000 423.800
2044 85.000 -462.000 387.800
2045 85.000 -462.000 351.800
2046 85.000 -462.000 315.800
2047 85.000 -462.000 279.800
2048 85.000 -462.000 243.800
2049 85.000 -462.000 207.800
2050 85.000 -462.000 171.800
2051 85.000 -462.000 135.800
2052 85.000 -462.000 99.800
2053 176.000 -470.000 711.800
2054 176.000 -470.000 675.800
2055 176.000 -470.000 639.800
2056 176.000 -470.000 603.800
2057 176.000 -470.000 567.800
2058 176.000 -470.000 531.800
2059 176.000 -470.000 495.800
2060 176.000 -470.000 459.800
2061 176.000 -470.000 423.800
2062 176.000 -470.000 387.800
2063 176.000 -470.000 351.800
2064 176.000 -470.000 315.800
2065 176.000 -470.000 279.800
2066 176.000 -470.000 243.800
2067 176.000 -470.000 207.800
2068 176.000 -470.000 171.800
2069 176.000 -470.000 135.800
2070 176.000 -470.000 99.800
